2015  1   70    10    -5
2015  2   65    12    -3
2015  3   60    15     0
2015  4   55    18     5
2015  5   50    25    10
2015  6   40    30    15
2015  7   35    32    17
2015  8   30    31    16 
2015  9   45    28    14
2015 10   60    22     8
2015 11   75    15     3
2015 12   80    11    -2
2016  1   72     9    -4
2016  2   68    13    -1
2016  3   60    18     3.5
2016  4   52    22     7
2016  5   48    29    12
2016  6   42    33    18
2016  7   38    35    20
2016  8   10    38    18
2016  9   25    34    17
2016 10   40    28    13
2016 11   65    19     6
2016 12   78    14     1
2017  1   71     8    -5
2017  2   66    10    -2
2017  3   62    16     4
2017  4   58    25    15
2017  5   53    12     8
2017  6   47    31    19
2017  7   41    33    21
2017  8   36    34    20
2017  9   44    30    16
2017 10   59    24    10
2017 11   73    17     5
2017 12   82    13     0
2018  1   69     7    -6
2018  2   64     9    -4
2018  3   61    14     2
2018  4   56    19     9
2018  5   51    28    18
2018  6   45    32    22
2018  7   39    34    24
2018  8   33    36    26
2018  9   42    29    19
2018 10   57    23    12
2018 11   70    16     7
2018 12   79    12     2
2019  1   68    15     14
2019  2   63    30      5
2019  3   59    20     19
2019  4   54    35      5
2019  5   49    10      9
2019  6   43    40     10
2019  7   37    25     24
2019  8   31    45     15
2019  9   46    22     21
2019 10   61    50     20